1718980479516 0.0 0
1718980481447 0.0 1
1718980482897 0.0 2
1718980484573 0.0 3
1718980486234 0.0 4
1718980487934 0.0 5
1718980493121 0.0 6
1718980494754 0.0 7
1718980496620 0.0 8
1718980498117 0.0 9
1718980499597 0.0 10
1718980503400 0.0 11
1718980509186 0.0 12
1718980514764 0.0 13
1718980519991 0.0 14
1718980526053 0.0 15
1718980531733 0.0 16
1718980533191 0.0 17
1718980534717 0.0 18
1718980536315 0.0 19
1718980537763 0.0 20
1718980539865 0.0 21
1718980541166 0.0 22
1718980542354 0.0 23
1718980543563 0.0 24
1718980544706 0.0 25
1718980546618 0.0 26
1718980549445 0.0 27
1718980552404 0.0 28
1718980554522 0.0 29
1718980557807 0.0 30
1718980563989 0.0 31
1718980566954 0.0 32
1718980568229 0.0 33
1718980569711 0.0 34
1718980571743 0.0 35
1718980573989 0.0 36
1718980575284 0.0 37
1718980577021 0.0 38
1718980578600 0.0 39
1718980580062 0.0 40
1718980584542 0.0 41
1718980587245 0.0 42
1718980589261 0.0 43
1718980590695 0.0 44
1718980592594 0.0 45
1718980597179 0.0 46
1718980600593 0.0 47
1718980602797 0.0 48
1718980604993 0.0 49
1718980607919 0.0 50
1718980610255 0.0 51
1718980611418 0.0 52
1718980612586 0.0 53
1718980613812 0.0 54
1718980615006 0.0 55
1718980616774 0.0 56
1718980618028 0.0 57
1718980619168 0.0 58
1718980620305 0.0 59
1718980621461 0.0 60
1718980623206 0.0 61
1718980624432 0.0 62
1718980625583 0.0 63
1718980627049 0.0 64
1718980628271 0.0 65
1718980630010 0.0 66
1718980631151 0.0 67
1718980632296 0.0 68
1718980633414 0.0 69
1718980634618 0.0 70
1718980636308 0.0 71
1718980637526 0.0 72
1718980638826 0.0 73
1718980640061 0.0 74
1718980641244 0.0 75
1718980643910 0.0 76
1718980647090 0.0 77
1718980649206 0.0 78
1718980650428 0.0 79
1718980651708 0.0 80
1718980653877 0.0 81
1718980658292 0.0 82
1718980663261 0.0 83
1718980667931 0.0 84
1718980673322 0.0 85
1718980679982 0.0 86
1718980682944 0.0 87
1718980684271 0.0 88
1718980685446 0.0 89
1718980687021 0.0 90
1718980691545 0.0 91
1718980696639 0.0 92
1718980698111 0.0 93
1718980700695 0.0 94
1718980701958 0.0 95
1718980704625 0.0 96
1718980705762 0.0 97
1718980706894 0.0 98
1718980708380 0.0 99
1718980709509 0.0 100
1718980711212 0.0 101
1718980712413 0.0 102
1718980713582 0.0 103
1718980714752 0.0 104
1718980715895 0.0 105
1718980717631 0.0 106
1718980718768 0.0 107
