1718980479521 0.843421459197998 0
1718980481453 0.8208791017532349 1
1718980482901 0.7815021276473999 2
1718980484578 0.7300321459770203 3
1718980486240 0.6712062954902649 4
1718980487940 0.6090561151504517 5
1718980493126 0.5471621155738831 6
1718980494764 0.48839667439460754 7
1718980496626 0.43114182353019714 8
1718980498122 0.3803471624851227 9
1718980499602 0.33317404985427856 10
1718980503406 0.2921629548072815 11
1718980509191 0.25754454731941223 12
1718980514769 0.22623533010482788 13
1718980519997 0.20021672546863556 14
1718980526058 0.17745637893676758 15
1718980531738 0.15699590742588043 16
1718980533196 0.14250950515270233 17
1718980534721 0.12818153202533722 18
1718980536319 0.11592257767915726 19
1718980537768 0.10646610707044601 20
1718980539870 0.09740069508552551 21
1718980541170 0.08905273675918579 22
1718980542359 0.08387919515371323 23
1718980543567 0.07792577892541885 24
1718980544710 0.07363330572843552 25
1718980546622 0.0690433531999588 26
1718980549449 0.06476075947284698 27
1718980552409 0.06148601695895195 28
1718980554526 0.05952171981334686 29
1718980557813 0.05719935521483421 30
1718980563996 0.05520552769303322 31
1718980566961 0.053089842200279236 32
1718980568236 0.052068524062633514 33
1718980569716 0.04976421222090721 34
1718980571747 0.048574306070804596 35
1718980574003 0.047374188899993896 36
1718980575298 0.04596429690718651 37
1718980577035 0.04465731233358383 38
1718980578630 0.044327639043331146 39
1718980580082 0.04326916113495827 40
1718980584552 0.04177901893854141 41
1718980587251 0.04120127111673355 42
1718980589275 0.040456488728523254 43
1718980590705 0.04019312933087349 44
1718980592644 0.04000907018780708 45
1718980597188 0.040037114173173904 46
1718980600598 0.03851412981748581 47
1718980602802 0.038258954882621765 48
1718980604998 0.038000259548425674 49
1718980607923 0.03788349777460098 50
1718980610258 0.03702649474143982 51
1718980611423 0.037471573799848557 52
1718980612590 0.03714485093951225 53
1718980613817 0.037149880081415176 54
1718980615011 0.036767810583114624 55
1718980616778 0.03641098737716675 56
1718980618033 0.03555174544453621 57
1718980619174 0.03628041595220566 58
1718980620309 0.034667011350393295 59
1718980621466 0.03565941005945206 60
1718980623210 0.03509664535522461 61
1718980624437 0.03514798730611801 62
1718980625587 0.03480997309088707 63
1718980627054 0.0344686396420002 64
1718980628277 0.03441644459962845 65
1718980630015 0.03506990894675255 66
1718980631156 0.034637708216905594 67
1718980632300 0.03433190658688545 68
1718980633419 0.03482372686266899 69
1718980634623 0.03359481692314148 70
1718980636313 0.03355330228805542 71
1718980637531 0.034080423414707184 72
1718980638831 0.03433925285935402 73
1718980640066 0.03409435227513313 74
1718980641250 0.03426676616072655 75
1718980643916 0.03410111740231514 76
1718980647094 0.03410251438617706 77
1718980649210 0.03345837816596031 78
1718980650434 0.03336339816451073 79
1718980651715 0.03379305079579353 80
1718980653882 0.03356120362877846 81
1718980658297 0.033372052013874054 82
1718980663266 0.03317548707127571 83
1718980667937 0.033753652125597 84
1718980673327 0.03385990113019943 85
1718980679990 0.032804541289806366 86
1718980682949 0.033597417175769806 87
1718980684278 0.03359141945838928 88
1718980685453 0.03284092992544174 89
1718980687026 0.03269871324300766 90
1718980691550 0.033121101558208466 91
1718980696646 0.03267058730125427 92
1718980698117 0.032989662140607834 93
1718980700701 0.03274861350655556 94
1718980701963 0.03282652422785759 95
1718980704629 0.0330359973013401 96
1718980705766 0.03384275361895561 97
1718980706899 0.033341556787490845 98
1718980708384 0.03264955058693886 99
1718980709514 0.03218327462673187 100
1718980711217 0.03319356590509415 101
1718980712418 0.03316259756684303 102
1718980713586 0.03369082137942314 103
1718980714757 0.032778944820165634 104
1718980715899 0.032946016639471054 105
1718980717635 0.032808464020490646 106
1718980718772 0.032305024564266205 107
